Frame Offset, Frame Index, Frame Time (ms), Time from first frame (ms)
0,1900,2.2506,0
1,1901,6.4931,2.2506001
2,1902,1.9838,8.743700266
3,1903,1.8815,10.72750032
4,1904,1.8715,12.60900033
5,1905,1.9421,14.48050034
6,1906,1.7921,16.42260039
7,1907,1.9816,18.21470034
8,1908,2.0424,20.19630039
9,1909,7.0553,22.23870027
10,1910,2.6872,29.29400003
11,1911,1.7131,31.9812001
12,1912,1.8049,33.69430006
13,1913,1.7286,35.49920011
14,1914,1.873,37.22780013
15,1915,1.8502,39.10080016
16,1916,2.4166,40.95100009
17,1917,6.8984,43.36760008
18,1918,1.7787,50.26599991
19,1919,1.8052,52.04469991
20,1920,1.8761,53.84989989
21,1921,1.8998,55.72599983
22,1922,2.0056,57.62579978
23,1923,2.2247,59.63139975
24,1924,6.4356,61.85609972
25,1925,1.6065,68.29169953
26,1926,1.8328,69.89819956
27,1927,2.0238,71.73099959
28,1928,1.7614,73.75479949
29,1929,1.8996,75.51619947
30,1930,1.7775,77.4157995
31,1931,1.8605,79.19329953
32,1932,2.0518,81.05379951
33,1933,6.5404,83.10559952
34,1934,3.5799,89.64599955
35,1935,1.9145,93.22589958
36,1936,1.9253,95.14039958
37,1937,1.6336,97.06569958
38,1938,1.7124,98.69929957
39,1939,2.0275,100.4116995
40,1940,6.4551,102.4391994
41,1941,3.1067,108.8942995
42,1942,1.8009,112.0009995
43,1943,1.8354,113.8018994
44,1944,1.7261,115.6372994
45,1945,1.7637,117.3633994
46,1946,1.7345,119.1270994
47,1947,2.037,120.8615994
48,1948,7.0224,122.8985994
49,1949,3.0701,129.9209993
50,1950,1.7867,132.9910994
51,1951,2.1825,134.7777994
52,1952,1.9882,136.9602993
53,1953,1.9412,138.9484992
54,1954,2.4514,140.8896992
55,1955,7.2309,143.3410993
56,1956,2.6493,150.5719991
57,1957,2.0995,153.2212992
58,1958,2.1946,155.3207991
59,1959,2.022,157.5153992
60,1960,2.7249,159.5373993
61,1961,6.7801,162.2622993
62,1962,3.1271,169.0423992
63,1963,2.1571,172.1694992
64,1964,1.8845,174.3265991
65,1965,1.9237,176.2110991
66,1966,1.8558,178.1347991
67,1967,2.2232,179.9905992
68,1968,6.2862,182.2137992
69,1969,1.6989,188.4999993
70,1970,1.7672,190.1988993
71,1971,1.8938,191.9660993
72,1972,1.7178,193.8598993
73,1973,1.7361,195.5776993
74,1974,1.8171,197.3137993
75,1975,1.8008,199.1308993
76,1976,2.0303,200.9316993
77,1977,6.4794,202.9619992
78,1978,2.528,209.4413993
79,1979,1.8291,211.9693992
80,1980,1.7017,213.7984992
81,1981,1.7153,215.5001992
82,1982,1.7982,217.2154992
83,1983,1.7661,219.0136992
84,1984,2.1198,220.7797992
85,1985,6.9881,222.8995993
86,1986,1.9044,229.8876994
87,1987,1.8302,231.7920994
88,1988,1.7118,233.6222993
89,1989,1.6342,235.3340993
90,1990,1.8845,236.9682993
91,1991,1.7971,238.8527993
92,1992,2.0372,240.6498992
93,1993,7.3313,242.6870992
94,1994,1.9489,250.018399
95,1995,1.863,251.967299
96,1996,1.8563,253.830299
97,1997,1.8616,255.686599
98,1998,1.7707,257.5481991
99,1999,2.0794,259.318899
100,2000,6.4266,261.3982991
101,2001,1.9528,267.8248991
102,2002,1.8257,269.7776991
103,2003,1.9001,271.6033992
104,2004,1.8649,273.5034992
105,2005,1.9789,275.3683991
106,2006,1.8566,277.3472991
107,2007,1.7913,279.2038991
108,2008,2.0583,280.9951991
109,2009,6.4877,283.0534991
110,2010,2.1807,289.5411991
111,2011,2.2438,291.7218992
112,2012,2.2898,293.9656991
113,2013,1.8514,296.255499
114,2014,1.9372,298.106899
115,2015,2.0776,300.044099
116,2016,6.4882,302.121699
117,2017,1.9007,308.6098992
118,2018,1.9248,310.5105991
119,2019,1.785,312.4353992
120,2020,1.6178,314.2203991
121,2021,1.6883,315.8381991
122,2022,1.6951,317.5264992
123,2023,1.8572,319.2215991
124,2024,2.366,321.0787991
125,2025,6.7737,323.4447991
126,2026,2.93,330.2184988
127,2027,1.7917,333.1484989
128,2028,1.7985,334.9401989
129,2029,1.8051,336.7386988
130,2030,1.7085,338.5437988
131,2031,1.9669,340.2522988
132,2032,7.032,342.2191988
133,2033,2.6827,349.2511989
134,2034,1.7405,351.9338988
135,2035,1.6811,353.6743988
136,2036,1.6448,355.3554988
137,2037,1.6609,357.0002987
138,2038,1.8633,358.6611987
139,2039,2.1043,360.5244987
140,2040,6.4614,362.6287987
141,2041,2.8629,369.0901988
142,2042,1.9217,371.9530988
143,2043,1.8157,373.8747988
144,2044,1.8358,375.6904988
145,2045,1.6971,377.5262989
146,2046,1.6736,379.2233989
147,2047,2.3509,380.8969989
148,2048,6.4419,383.2478988
149,2049,1.6867,389.6897986
150,2050,1.7196,391.3764986
151,2051,1.885,393.0960985
152,2052,1.863,394.9810985
153,2053,1.7019,396.8440986
154,2054,1.6879,398.5459986
155,2055,2.1896,400.2338985
156,2056,6.3596,402.4234985
157,2057,3.2691,408.7830986
158,2058,1.7694,412.0521985
159,2059,2.0172,413.8215985
160,2060,1.8591,415.8387985
161,2061,1.7493,417.6978985
162,2062,2.3234,419.4471985
163,2063,6.9421,421.7705985
164,2064,3.3319,428.7126986
165,2065,1.7158,432.0445985
166,2066,1.6409,433.7603985
167,2067,1.9491,435.4012985
168,2068,1.8955,437.3503985
169,2069,1.881,439.2458985
170,2070,2.0309,441.1268985
171,2071,7.0119,443.1577985
172,2072,1.8152,450.1696985
173,2073,1.9368,451.9848984
174,2074,1.6675,453.9216985
175,2075,1.6684,455.5891985
176,2076,1.6866,457.2575985
177,2077,1.8103,458.9441985
178,2078,2.0691,460.7544985
179,2079,6.4648,462.8235984
180,2080,1.7342,469.2883983
181,2081,1.6665,471.0225983
182,2082,1.8426,472.6890982
183,2083,1.7668,474.5316982
184,2084,9.5767,476.2984983
185,2085,16.449,485.8751985
186,2086,3.424,502.3241979
187,2087,7.161,505.7481979
188,2088,1.9681,512.9091977
189,2089,1.9668,514.8772976
190,2090,2.0339,516.8440976
191,2091,2.016,518.8779976
192,2092,2.1206,520.8939977
193,2093,6.957,523.0145977
194,2094,1.8919,529.9715974
195,2095,1.722,531.8634974
196,2096,1.8024,533.5854974
197,2097,1.6876,535.3878974
198,2098,1.7913,537.0754974
199,2099,1.7125,538.8667973
200,2100,2.0511,540.5792973
201,2101,7.0236,542.6303973
202,2102,1.8548,549.6539974
203,2103,1.9038,551.5087974
204,2104,1.9824,553.4125974
205,2105,1.8695,555.3949974
206,2106,1.8792,557.2644974
207,2107,1.903,559.1436974
208,2108,2.1244,561.0466974
209,2109,6.4376,563.1710973
210,2110,2.4795,569.6086974
211,2111,2.2095,572.0881975
212,2112,2.3421,574.2976975
213,2113,2.0152,576.6397974
214,2114,1.93,578.6549973
215,2115,2.3179,580.5849973
216,2116,6.4315,582.9028972
217,2117,1.8426,589.3343972
218,2118,1.8583,591.1769972
219,2119,1.8472,593.0352972
220,2120,1.8236,594.8824972
221,2121,1.7525,596.7060972
222,2122,1.7549,598.4585972
223,2123,1.9531,600.2134972
224,2124,6.6114,602.1665971
225,2125,1.8908,608.7779973
226,2126,1.8532,610.6687973
227,2127,1.687,612.5219972
228,2128,1.7509,614.2089972
229,2129,1.7187,615.9598973
230,2130,1.785,617.6785973
231,2131,2.1555,619.4635973
232,2132,6.9952,621.6190972
233,2133,1.7634,628.6142974
234,2134,1.9265,630.3776973
235,2135,2.0139,632.3041973
236,2136,1.8465,634.3180974
237,2137,1.7429,636.1645974
238,2138,1.8292,637.9074974
239,2139,1.9987,639.7366974
240,2140,7.0238,641.7353975
241,2141,3.2801,648.7591974
242,2142,2.1472,652.0392975
243,2143,1.9823,654.1864976
244,2144,1.786,656.1687976
245,2145,1.7195,657.9547976
246,2146,2.3829,659.6742976
247,2147,6.5852,662.0571976
248,2148,2.2691,668.6423974
249,2149,1.9431,670.9114974
250,2150,1.9428,672.8545973
251,2151,1.8432,674.7973974
252,2152,2.0238,676.6405973
253,2153,1.8309,678.6643972
254,2154,2.3282,680.4952972
255,2155,6.452,682.8234973
256,2156,1.7236,689.2754974
257,2157,1.6696,690.9990975
258,2158,2.2109,692.6686975
259,2159,1.8804,694.8795975
260,2160,1.8536,696.7599975
261,2161,1.7577,698.6135975
262,2162,2.0681,700.3712975
263,2163,6.4469,702.4393975
264,2164,1.9989,708.8862973
265,2165,1.8372,710.8851973
266,2166,1.8119,712.7223973
267,2167,1.7166,714.5342973
268,2168,1.649,716.2508973
269,2169,1.6704,717.8998973
270,2170,2.0127,719.5702974
271,2171,25.1208,721.5829974
272,2172,4.3797,746.7037975
273,2173,6.4744,751.0834976
274,2174,2.4645,757.5578977
275,2175,2.0513,760.0223976
276,2176,6.4759,762.0736977
277,2177,2.426,768.5495979
278,2178,1.8359,770.9755977
279,2179,1.9103,772.8114977
280,2180,2.0493,774.7217977
281,2181,1.8333,776.7710977
282,2182,1.7408,778.6043977
283,2183,2.0551,780.3451977
284,2184,6.4911,782.4002976
285,2185,3.0555,788.8913975
286,2186,1.8752,791.9468975
287,2187,1.8369,793.8220975
288,2188,1.8458,795.6589975
289,2189,1.8175,797.5047976
290,2190,2.1266,799.3222976
291,2191,6.4119,801.4488976
292,2192,1.903,807.8607976
293,2193,1.898,809.7637976
294,2194,1.8374,811.6617976
295,2195,1.7749,813.4991976
296,2196,1.6628,815.2740976
297,2197,1.9443,816.9368975
298,2198,6.2441,818.8811975