Frame Offset, Frame Index, Frame Time (ms), Time from first frame (ms)
0,2192,1.9447,0
1,2193,5.9523,1.944700003
2,2194,1.9345,7.897000074
3,2195,1.8718,9.831500053
4,2196,5.8315,11.7033
5,2197,1.8746,17.53480005
6,2198,1.8555,19.40940011
7,2199,5.6133,21.26490009
8,2200,1.8336,26.87819993
9,2201,1.9514,28.71179998
10,2202,1.9429,30.66320002
11,2203,5.9416,32.60609996
12,2204,1.8578,38.54769981
13,2205,2.5127,40.40549982
14,2206,5.6547,42.9181999
15,2207,1.8338,48.5728997
16,2208,1.7952,50.40669966
17,2209,5.9043,52.20189965
18,2210,1.9241,58.10619986
19,2211,1.9209,60.0302999
20,2212,5.6042,61.95119989
21,2213,1.9045,67.55539978
22,2214,1.7962,69.45989978
23,2215,5.9459,71.25609982
24,2216,2.3647,77.20199978
25,2217,1.8709,79.56669986
26,2218,5.6764,81.4375999
27,2219,1.7591,87.11400008
28,2220,3.3556,88.87310004
29,2221,6.1482,92.22869992
30,2222,1.8044,98.37689996
31,2223,1.8343,100.1812999
32,2224,6.1944,102.0156
33,2225,2.1069,108.2099998
34,2226,1.8768,110.3168998
35,2227,5.8688,112.1936997
36,2228,1.8619,118.0624999
37,2229,1.9169,119.9243999
38,2230,6.5252,121.8412999
39,2231,2.0553,128.3664998
40,2232,1.8998,130.4217998
41,2233,5.9054,132.3215997
42,2234,2.1127,138.2269995
43,2235,3.1079,140.3396995
44,2236,5.6131,143.4475994
45,2237,1.7486,149.0606995
46,2238,5.7995,150.8092995
47,2239,3.4028,156.6087995
48,2240,1.8832,160.0115995
49,2241,5.7767,161.8947996
50,2242,1.7478,167.6714996
51,2243,1.9082,169.4192996
52,2244,6.1848,171.3274996
53,2245,1.8631,177.5122998
54,2246,1.9843,179.3753998
55,2247,5.8075,181.3596998
56,2248,1.8413,187.1671997
57,2249,4.466,189.0084997
58,2250,5.736,193.4744998
59,2251,1.905,199.2104999
60,2252,6.1958,201.1154999
61,2253,2.6753,207.3112997
62,2254,1.9576,209.9865996
63,2255,6.0367,211.9441996
64,2256,1.7,217.9808993
65,2257,1.922,219.6808994
66,2258,5.8359,221.6028994
67,2259,2.0184,227.4387993
68,2260,1.8658,229.4571992
69,2261,6.0292,231.3229992
70,2262,2.0489,237.3521993
71,2263,3.1885,239.4010992
72,2264,5.5707,242.5895991
73,2265,1.8428,248.1602993
74,2266,1.8075,250.0030993
75,2267,5.9686,251.8105993
76,2268,2.0822,257.7791991
77,2269,1.8427,259.8613992
78,2270,5.6685,261.7040992
79,2271,1.7518,267.3725991
80,2272,1.7084,269.1243991
81,2273,6.245,270.8327991
82,2274,2.7336,277.077799
83,2275,1.9552,279.8113989
84,2276,5.6265,281.7665988
85,2277,1.7995,287.393099
86,2278,3.8867,289.1925989
87,2279,5.8093,293.0792989
88,2280,2.0221,298.8885988
89,2281,5.6608,300.9106988
90,2282,3.6905,306.5714988
91,2283,1.7781,310.2619988
92,2284,5.9036,312.0400988
93,2285,6.2409,317.943699
94,2286,8.9859,324.184599
95,2287,6.07,333.170499
96,2288,4.0186,339.2404991
97,2289,5.6747,343.2590991
98,2290,1.8459,348.9337989
99,2291,6.4347,350.7796988
100,2292,3.2897,357.2143989
101,2293,1.8841,360.5040989
102,2294,5.8259,362.3881989
103,2295,1.7567,368.2140989
104,2296,1.7277,369.970799
105,2297,6.2437,371.698499
106,2298,1.8239,377.942199
107,2299,1.9504,379.766099
108,2300,5.8884,381.716499
109,2301,1.9293,387.604899
110,2302,3.6159,389.534199
111,2303,5.9449,393.150099
112,2304,1.9329,399.0949991
113,2305,5.8131,401.027899
114,2306,3.5887,406.8409989
115,2307,1.7911,410.4296989
116,2308,6.062,412.220799
117,2309,2.4134,418.2827988
118,2310,2.1309,420.6961987
119,2311,6.4736,422.8270986
120,2312,1.9545,429.3006985
121,2313,6.1238,431.2551985
122,2314,2.483,437.3789983
123,2315,2.8459,439.8619983
124,2316,5.5918,442.7078984
125,2317,1.7896,448.2996986
126,2318,1.8209,450.0892986
127,2319,6.0042,451.9101986
128,2320,1.7267,457.9143986
129,2321,1.9092,459.6410985
130,2322,6.0884,461.5502985
131,2323,1.7789,467.6386983
132,2324,1.8496,469.4175984
133,2325,6.1549,471.2671983
134,2326,1.8889,477.4220984
135,2327,1.8789,479.3109984
136,2328,5.6597,481.1898985
137,2329,1.8432,486.8495984
138,2330,1.8936,488.6927984
139,2331,2.7722,490.5863984
140,2332,6.0389,493.3585985
141,2333,1.938,499.3974984
142,2334,5.703,501.3354983
143,2335,3.2169,507.0384984
144,2336,1.815,510.2553985
145,2337,6.1783,512.0703984
146,2338,1.7389,518.2486984
147,2339,1.9501,519.9875983
148,2340,5.9391,521.9376982
149,2341,1.7763,527.876798
150,2342,1.749,529.653098
151,2343,5.788,531.4020979
152,2344,1.9777,537.190098
153,2345,1.9732,539.167798
154,2346,5.7243,541.140998
155,2347,1.9544,546.8652979
156,2348,1.8222,548.8196979
157,2349,1.8105,550.6418978
158,2350,6.1297,552.4523978
159,2351,1.9,558.582098
160,2352,1.9237,560.482098
161,2353,5.557,562.405798
162,2354,1.8239,567.9627981
163,2355,1.9381,569.7866981
164,2356,6.1465,571.7247981
165,2357,1.8313,577.8712982
166,2358,1.9933,579.7025982
167,2359,5.6852,581.6958982
168,2360,1.7587,587.3810984
169,2361,1.9341,589.1397984
170,2362,5.9365,591.0738984
171,2363,1.8782,597.0103985
172,2364,1.812,598.8885986
173,2365,1.7646,600.7005986
174,2366,5.8816,602.4651986
175,2367,1.8288,608.3467985
176,2368,1.6404,610.1755985
177,2369,5.9597,611.8159986
178,2370,1.9174,617.7756987
179,2371,1.7335,619.6930987
180,2372,5.8714,621.4265987
181,2373,1.877,627.2979985
182,2374,1.7886,629.1749985
183,2375,5.8477,630.9635985
184,2376,2.0401,636.8112986
185,2377,2.0726,638.8513987
186,2378,5.9913,640.9239986
187,2379,1.9464,646.9152987
188,2380,1.7698,648.8616987
189,2381,1.7454,650.6314987
190,2382,6.3457,652.3768986
191,2383,1.7927,658.7225984
192,2384,1.9424,660.5152985
193,2385,5.9032,662.4576985
194,2386,1.9016,668.3608986
195,2387,1.834,670.2624986
196,2388,6.2139,672.0964986
197,2389,1.8522,678.3103987
198,2390,1.7909,680.1625987
199,2391,5.6301,681.9534987
200,2392,1.7223,687.5835985
201,2393,1.8801,689.3058985
202,2394,6.0272,691.1859986
203,2395,1.8279,697.2131988
204,2396,1.966,699.0410988
205,2397,5.7905,701.0070988
206,2398,3.8693,706.797599
207,2399,1.748,710.6668988
208,2400,5.7484,712.4148989
209,2401,1.9149,718.1632991
210,2402,1.8057,720.078199
211,2403,9.4436,721.883899
212,2404,20.1447,731.3274987
213,2405,5.8872,751.4721978
214,2406,2.8213,757.3593976
215,2407,1.9787,760.1806977
216,2408,5.7288,762.1593977
217,2409,2.0855,767.8881975
218,2410,1.9634,769.9736975
219,2411,6.3854,771.9370975
220,2412,1.8577,778.3224974
221,2413,1.9041,780.1801974
222,2414,5.7715,782.0842973
223,2415,2.1519,787.8557974
224,2416,2.9785,790.0076975
225,2417,5.9897,792.9861974
226,2418,1.9687,798.9758972
227,2419,5.6234,800.9445972
228,2420,3.8779,806.5679975
229,2421,2.0249,810.4458973
230,2422,6.2485,812.4707973
231,2423,6.5468,818.7192972
232,2424,9.1756,825.2660973
233,2425,6.4389,834.4416974
234,2426,6.1298,840.8805974
235,2427,2.031,847.0103972
236,2428,2.0675,849.0413971
237,2429,7.017,851.108897
238,2430,2.9204,858.1258972
239,2431,5.7643,861.0462971
240,2432,2.0273,866.8105969
241,2433,2.1097,868.8378968
242,2434,6.0771,870.9475968
243,2435,2.0463,877.0246966
244,2436,2.0816,879.0709965
245,2437,5.9955,881.1525965
246,2438,1.9506,887.1480966
247,2439,2.1174,889.0986966
248,2440,5.8494,891.2160965
249,2441,1.815,897.0654966
250,2442,1.8213,898.8804965
251,2443,1.8513,900.7017965
252,2444,5.8522,902.5530965
253,2445,1.8407,908.4052966
254,2446,1.6905,910.2459966
255,2447,6.2398,911.9364966
256,2448,1.8374,918.1762966
257,2449,1.9921,920.0136966
258,2450,5.6119,922.0057966
259,2451,1.873,927.6176964
260,2452,1.8744,929.4906964
261,2453,6.2016,931.3650964
262,2454,1.9557,937.5666965
263,2455,1.9651,939.5223966
264,2456,5.6868,941.4874966
265,2457,2.0751,947.1742966
266,2458,1.7543,949.2493966
267,2459,6.0022,951.0036966
268,2460,3.3437,957.0058967
269,2461,1.8958,960.3495966
270,2462,5.6221,962.2453966
271,2463,1.9506,967.8674965
272,2464,2.0393,969.8180965
273,2465,12.203,971.8573965
274,2466,7.4723,984.0603966
275,2467,6.54,991.5326966
276,2468,1.9058,998.0726966
277,2469,1.7329,999.9784966
278,2470,6.1066,1001.711397
279,2471,3.3196,1007.817996
280,2472,5.7843,1011.137596
281,2473,2.1004,1016.921896
282,2474,1.9994,1019.022296
283,2475,5.9575,1021.021696
284,2476,1.8293,1026.979196
285,2477,1.8866,1028.808496
286,2478,1.7015,1030.695096
287,2479,6.0926,1032.396596
288,2480,1.8507,1038.489196
289,2481,3.235,1040.339896
290,2482,5.6384,1043.574896
291,2483,1.8927,1049.213296
292,2484,6.0528,1051.105996
293,2485,3.211,1057.158796
294,2486,1.819,1060.369796
295,2487,5.5941,1062.188796
296,2488,1.9309,1067.782896
297,2489,1.755,1069.713796