Frame Offset, Frame Index, Frame Time (ms), Time from first frame (ms)
0,1110,1.9895,0
1,1111,3.3193,1.989500046
2,1112,1.8511,5.308799982
3,1113,1.8236,7.15989995
4,1114,2.5881,8.983500004
5,1115,1.8982,11.57159996
6,1116,1.8063,13.4698
7,1117,1.7277,15.27610004
8,1118,1.8836,17.00380003
9,1119,2.9872,18.88740003
10,1120,1.9175,21.87460005
11,1121,1.8374,23.79210007
12,1122,1.7016,25.62950003
13,1123,1.6746,27.33109999
14,1124,2.4728,29.00569999
15,1125,2.0264,31.47850001
16,1126,1.9581,33.5049001
17,1127,2.9416,35.46300006
18,1128,1.75,38.40460014
19,1129,1.8346,40.15460014
20,1130,1.7699,41.98920012
21,1131,1.6748,43.75910008
22,1132,1.8665,45.43390012
23,1133,1.795,47.30040014
24,1134,2.7723,49.09540009
25,1135,2.706,51.8677001
26,1136,2.089,54.57370019
27,1137,2.2692,56.66270018
28,1138,1.9891,58.93190026
29,1139,1.8505,60.92100024
30,1140,1.6786,62.77150023
31,1141,1.7658,64.45010018
32,1142,1.8374,66.21590018
33,1143,4.3421,68.05330014
34,1144,3.0206,72.39540029
35,1145,2.205,75.41600037
36,1146,2.1078,77.62100029
37,1147,1.8422,79.7288003
38,1148,1.749,81.57100034
39,1149,1.7275,83.32000029
40,1150,3.3594,85.04750025
41,1151,2.6936,88.40690029
42,1152,1.7731,91.10050023
43,1153,1.8344,92.87360024
44,1154,1.8142,94.70800018
45,1155,1.8307,96.52220023
46,1156,1.7387,98.35290027
47,1157,2.2576,100.0916003
48,1158,2.902,102.3492004
49,1159,1.8943,105.2512003
50,1160,1.7779,107.1455003
51,1161,2.6491,108.9234003
52,1162,1.7075,111.5725003
53,1163,1.7186,113.2800003
54,1164,1.8187,114.9986004
55,1165,2.0604,116.8173003
56,1166,2.9876,118.8777003
57,1167,1.9231,121.8653004
58,1168,1.7601,123.7884004
59,1169,1.6864,125.5485004
60,1170,1.839,127.2349004
61,1171,2.6555,129.0739003
62,1172,1.7875,131.7294003
63,1173,1.7716,133.5169003
64,1174,3.1578,135.2885003
65,1175,1.7068,138.4463003
66,1176,1.6967,140.1531003
67,1177,1.7542,141.8498002
68,1178,1.7159,143.6040002
69,1179,1.8829,145.3199002
70,1180,1.7687,147.2028002
71,1181,2.5676,148.9715002
72,1182,6.3707,151.5391002
73,1183,12.6488,157.9098001
74,1184,2.8228,170.5585999
75,1185,1.8935,173.3813999
76,1186,1.8549,175.2748998
77,1187,1.8664,177.1297998
78,1188,1.8802,178.9961998
79,1189,1.9519,180.8763999
80,1190,1.8797,182.8282999
81,1191,3.0622,184.7079998
82,1192,1.7305,187.7701999
83,1193,2.5566,189.5006999
84,1194,1.9009,192.0573
85,1195,1.9091,193.9582
86,1196,1.9098,195.8672999
87,1197,1.8473,197.7771
88,1198,1.7775,199.6244
89,1199,3.393,201.4019001
90,1200,1.9288,204.7948999
91,1201,1.8637,206.7236999
92,1202,2.9788,208.5874
93,1203,1.8608,211.5662
94,1204,1.751,213.427
95,1205,1.8378,215.1780001
96,1206,2.0851,217.0158001
97,1207,3.0566,219.1009001
98,1208,2.007,222.1575001
99,1209,1.9577,224.1645001
100,1210,1.8533,226.1222001
101,1211,1.8113,227.9755001
102,1212,2.4611,229.7868001
103,1213,1.9144,232.2479002
104,1214,1.808,234.1623002
105,1215,2.2361,235.9703002
106,1216,1.7673,238.2064002
107,1217,1.8204,239.9737002
108,1218,1.8962,241.7941002
109,1219,1.9751,243.6903001
110,1220,1.9265,245.6654001
111,1221,1.9386,247.5919001
112,1222,2.9463,249.5305001
113,1223,2.8064,252.4768001
114,1224,1.9744,255.2832001
115,1225,2.3557,257.2576002
116,1226,2.1294,259.6133002
117,1227,2.0023,261.7427002
118,1228,2.0153,263.7450002
119,1229,1.857,265.7603003
120,1230,1.8831,267.6173003
121,1231,2.5045,269.5004003
122,1232,1.9518,272.0049002
123,1233,1.8562,273.9567002
124,1234,1.7254,275.8129002
125,1235,1.8594,277.5383002
126,1236,1.8547,279.3977002
127,1237,1.966,281.2524002
128,1238,1.8581,283.2184001
129,1239,2.8829,285.0765001
130,1240,1.8947,287.9594001
131,1241,2.7802,289.8541001
132,1242,1.877,292.6343001
133,1243,1.8309,294.5113001
134,1244,1.6854,296.3422
135,1245,1.673,298.0276
136,1246,1.7237,299.7006
137,1247,3.4443,301.4243001
138,1248,1.992,304.8686
139,1249,1.8473,306.8606
140,1250,2.54,308.7079
141,1251,1.8128,311.2479
142,1252,1.7334,313.0607001
143,1253,1.8002,314.7941
144,1254,2.1577,316.5943
145,1255,2.5031,318.7520001
146,1256,5.8945,321.2551
147,1257,5.5279,327.1495998
148,1258,2.6645,332.6775
149,1259,3.1839,335.342
150,1260,1.7585,338.5258999
151,1261,1.7914,340.2843999
152,1262,1.8196,342.0757998
153,1263,1.8017,343.8953998
154,1264,1.8831,345.6970998
155,1265,1.6901,347.5801998
156,1266,2.794,349.2702998
157,1267,2.8337,352.0642997
158,1268,1.9268,354.8979996
159,1269,1.8379,356.8247997
160,1270,1.9094,358.6626997
161,1271,1.9866,360.5720997
162,1272,1.8357,362.5586997
163,1273,1.7771,364.3943998
164,1274,1.8746,366.1714997
165,1275,4.4477,368.0460998
166,1276,3.3609,372.4937998
167,1277,1.8413,375.8546997
168,1278,1.904,377.6959997
169,1279,1.8556,379.5999998
170,1280,1.9161,381.4555998
171,1281,1.827,383.3716998
172,1282,2.7598,385.1986998
173,1283,1.9023,387.9584998
174,1284,2.7302,389.8607998
175,1285,2.001,392.5909998
176,1286,1.815,394.5919998
177,1287,1.8812,396.4069997
178,1288,1.7712,398.2881997
179,1289,1.8084,400.0593996
180,1290,3.1468,401.8677996
181,1291,1.9179,405.0145997
182,1292,2.237,406.9324996
183,1293,2.6154,409.1694996
184,1294,1.7896,411.7848997
185,1295,1.7966,413.5744997
186,1296,1.7649,415.3710997
187,1297,2.0596,417.1359997
188,1298,2.8232,419.1955996
189,1299,1.8032,422.0187995
190,1300,1.8261,423.8219995
191,1301,1.8162,425.6480995
192,1302,1.799,427.4642996
193,1303,2.7553,429.2632996
194,1304,1.7825,432.0185996
195,1305,2.1314,433.8010997
196,1306,2.9421,435.9324998
197,1307,1.9405,438.8745998
198,1308,1.7156,440.8150998
199,1309,1.7687,442.5306998
200,1310,2.0604,444.2993999
201,1311,1.8981,446.3597999
202,1312,1.9326,448.2578999
203,1313,3.0173,450.1904999
204,1314,1.8629,453.2077998
205,1315,1.8048,455.0706998
206,1316,1.8145,456.8754998
207,1317,1.831,458.6899998
208,1318,1.8534,460.5209998
209,1319,1.6828,462.3743998
210,1320,1.833,464.0571998
211,1321,2.0744,465.8901998
212,1322,1.9606,467.9645997
213,1323,2.7096,469.9251997
214,1324,1.7741,472.6347997
215,1325,1.9242,474.4088997
216,1326,1.8962,476.3330996
217,1327,1.8216,478.2292995
218,1328,1.8333,480.0508995
219,1329,1.8064,481.8841995
220,1330,1.8723,483.6905994
221,1331,2.5946,485.5628995
222,1332,1.9158,488.1574994
223,1333,2.611,490.0732994
224,1334,1.9475,492.6842995
225,1335,1.97,494.6317995
226,1336,2.0195,496.6017995
227,1337,1.817,498.6212995
228,1338,1.8109,500.4382995
229,1339,3.4226,502.2491995
230,1340,1.8531,505.6717995
231,1341,1.9729,507.5248995
232,1342,2.5721,509.4977995
233,1343,1.846,512.0698994
234,1344,1.8034,513.9158994
235,1345,1.8868,515.7192994
236,1346,1.8234,517.6060995
237,1347,2.3495,519.4294995
238,1348,2.0171,521.7789994
239,1349,1.8882,523.7960995
240,1350,1.8337,525.6842996
241,1351,1.72,527.5179995
242,1352,2.6093,529.2379996
243,1353,1.9819,531.8472995
244,1354,2.225,533.8291994
245,1355,2.9815,536.0541993
246,1356,1.8576,539.0356992
247,1357,1.75,540.8932992
248,1358,1.8808,542.6432992
249,1359,1.7095,544.5240992
250,1360,1.8192,546.2335992
251,1361,1.7856,548.0527992
252,1362,2.8978,549.8383992
253,1363,2.8055,552.7361991
254,1364,1.9937,555.5416992
255,1365,2.0606,557.5353992
256,1366,1.8988,559.5959992
257,1367,1.9834,561.4947993
258,1368,1.9297,563.4781992
259,1369,1.7819,565.4078993
260,1370,1.9226,567.1897993
261,1371,3.1823,569.1123993
262,1372,1.8787,572.2946994
263,1373,1.6746,574.1733994
264,1374,1.7185,575.8479995
265,1375,1.7045,577.5664995
266,1376,1.6769,579.2709994
267,1377,1.8032,580.9478995
268,1378,7.6275,582.7510995
269,1379,3.2591,590.3785995
270,1380,2.351,593.6376995
271,1381,1.8466,595.9886996
272,1382,1.9707,597.8352995
273,1383,1.9939,599.8059995
274,1384,4.3663,601.7998995
275,1385,2.5688,606.1661996
276,1386,2.74,608.7349995
277,1387,1.7534,611.4749995
278,1388,1.9141,613.2283995
279,1389,1.9905,615.1424996
280,1390,2.2493,617.1329995
281,1391,3.0842,619.3822995
282,1392,1.7243,622.4664994
283,1393,1.6976,624.1907995
284,1394,1.9084,625.8883995
285,1395,1.7896,627.7967994
286,1396,2.5686,629.5863994
287,1397,1.8229,632.1549994
288,1398,1.7945,633.9778993
289,1399,3.3344,635.7723993
290,1400,1.8097,639.1067992
291,1401,1.7605,640.9164993
292,1402,1.6919,642.6769992
293,1403,1.8476,644.3688992
294,1404,1.7152,646.2164992
295,1405,1.7827,647.9316992
296,1406,2.5975,649.7143991
297,1407,2.6036,652.3118992