Frame Offset, Frame Index, Frame Time (ms), Time from first frame (ms)
0,1578,2.1161,0
1,1579,2.6805,2.116100073
2,1580,1.763,4.796600103
3,1581,3.6095,6.559600115
4,1582,2.1969,10.16910005
5,1583,2.2256,12.36599994
6,1584,1.9405,14.59159994
7,1585,2.2009,16.53209996
8,1586,2.2223,18.73300004
9,1587,1.717,20.95530009
10,1588,2.8125,22.6723001
11,1589,2.0589,25.4848001
12,1590,2.4231,27.54369998
13,1591,1.7849,29.96679997
14,1592,2.627,31.75169992
15,1593,1.9155,34.37870002
16,1594,1.9621,36.29420006
17,1595,2.4012,38.25630009
18,1596,2.8319,40.65750015
19,1597,2.7544,43.48940003
20,1598,1.8269,46.24380004
21,1599,2.4183,48.07070005
22,1600,1.7743,50.48899996
23,1601,2.3315,52.26329994
24,1602,1.7402,54.5948
25,1603,3.4153,56.33500004
26,1604,2.214,59.75029993
27,1605,2.4281,61.96429992
28,1606,1.7708,64.39240003
29,1607,1.9904,66.16320002
30,1608,2.3864,68.15359998
31,1609,1.8847,70.53999996
32,1610,2.5261,72.4246999
33,1611,2.1258,74.95079982
34,1612,2.3573,77.07659972
35,1613,1.7677,79.43389976
36,1614,1.7191,81.20159972
37,1615,2.3349,82.92069972
38,1616,1.7042,85.25559962
39,1617,2.248,86.95979965
40,1618,1.8145,89.20779955
41,1619,2.3962,91.02229953
42,1620,2.383,93.41849947
43,1621,1.7838,95.80149937
44,1622,2.3255,97.58529937
45,1623,1.7517,99.91079938
46,1624,2.3321,101.6624994
47,1625,1.9286,103.9945993
48,1626,1.8355,105.9231993
49,1627,2.4582,107.7586993
50,1628,1.9904,110.2168993
51,1629,2.396,112.2072992
52,1630,1.8933,114.6032991
53,1631,1.8678,116.4965991
54,1632,2.366,118.3643991
55,1633,1.918,120.730399
56,1634,2.7141,122.648399
57,1635,1.9384,125.3624989
58,1636,2.2901,127.3008989
59,1637,2.2688,129.590999
60,1638,2.2426,131.859799
61,1639,1.9254,134.102399
62,1640,2.2341,136.027799
63,1641,2.5472,138.2618991
64,1642,3.655,140.8090991
65,1643,2.9434,144.464099
66,1644,3.0442,147.407499
67,1645,2.0925,150.4516989
68,1646,2.4414,152.5441989
69,1647,1.8312,154.9855989
70,1648,4.7034,156.8167989
71,1649,2.1196,161.5201991
72,1650,2.2936,163.6397991
73,1651,1.7314,165.9333992
74,1652,2.2575,167.6647992
75,1653,1.892,169.9222991
76,1654,2.2958,171.8142991
77,1655,3.3904,174.1100991
78,1656,2.2099,177.500499
79,1657,1.9731,179.7103989
80,1658,2.7179,181.6834989
81,1659,1.9506,184.4013989
82,1660,1.8519,186.3519989
83,1661,2.441,188.2038989
84,1662,2.7705,190.6448989
85,1663,2.3796,193.4153988
86,1664,1.7455,195.7949989
87,1665,2.1322,197.5404989
88,1666,1.8778,199.6726989
89,1667,2.1069,201.5504988
90,1668,2.6398,203.6573988
91,1669,1.7552,206.2971989
92,1670,2.3396,208.0523989
93,1671,5.2447,210.391999
94,1672,2.2511,215.636699
95,1673,2.1466,217.887799
96,1674,1.7465,220.034399
97,1675,2.7443,221.780899
98,1676,3.3138,224.5251989
99,1677,2.1262,227.838999
100,1678,1.6821,229.965199
101,1679,2.2834,231.6472989
102,1680,1.773,233.930699
103,1681,1.6973,235.703699
104,1682,2.3214,237.400999
105,1683,1.8695,239.7223989
106,1684,2.2762,241.5918989
107,1685,2.4512,243.868099
108,1686,1.7399,246.319299
109,1687,2.2414,248.059199
110,1688,2.1144,250.300599
111,1689,2.4042,252.4149989
112,1690,2.0333,254.819199
113,1691,3.5659,256.8524989
114,1692,1.8638,260.418399
115,1693,2.7053,262.282199
116,1694,2.1505,264.9874991
117,1695,2.7207,267.1379992
118,1696,1.7716,269.8586992
119,1697,1.7773,271.6302992
120,1698,4.6835,273.4075992
121,1699,2.5703,278.091099
122,1700,1.9677,280.6613991
123,1701,2.6002,282.6290991
124,1702,1.7889,285.2292991
125,1703,2.2176,287.0181991
126,1704,1.7574,289.2357992
127,1705,3.1706,290.9931992
128,1706,2.222,294.1637992
129,1707,1.9539,296.3857991
130,1708,2.2511,298.339699
131,1709,1.8649,300.5907991
132,1710,2.3706,302.4556991
133,1711,1.6791,304.8262991
134,1712,1.72,306.5053991
135,1713,2.4117,308.2253991
136,1714,1.8644,310.6370991
137,1715,2.2867,312.5014992
138,1716,1.8418,314.7881992
139,1717,1.6942,316.6299992
140,1718,2.2366,318.3241992
141,1719,1.7654,320.5607991
142,1720,2.5861,322.3261992
143,1721,2.038,324.9122993
144,1722,2.2129,326.9502994
145,1723,1.8143,329.1631993
146,1724,1.7385,330.9774992
147,1725,2.0624,332.7159992
148,1726,1.7851,334.7783993
149,1727,1.8325,336.5634993
150,1728,2.2144,338.3959993
151,1729,2.7757,340.6103994
152,1730,2.4912,343.3860995
153,1731,1.741,345.8772994
154,1732,2.1546,347.6182994
155,1733,1.732,349.7728993
156,1734,1.7131,351.5048993
157,1735,2.246,353.2179992
158,1736,1.8484,355.4639993
159,1737,3.1051,357.3123993
160,1738,2.1542,360.4174992
161,1739,2.5751,362.5716993
162,1740,1.7568,365.1467992
163,1741,2.0957,366.9035991
164,1742,1.7028,368.9992992
165,1743,1.6931,370.7020992
166,1744,2.4009,372.3951992
167,1745,2.7521,374.7960991
168,1746,2.2416,377.5481991
169,1747,1.7382,379.7897991
170,1748,5.0014,381.527999
171,1749,13.9351,386.529399
172,1750,2.4564,400.4644986
173,1751,2.69,402.9208986
174,1752,1.9094,405.6108986
175,1753,3.6506,407.5202986
176,1754,1.9043,411.1708986
177,1755,2.5068,413.0751985
178,1756,1.8518,415.5819985
179,1757,2.2647,417.4337984
180,1758,1.9966,419.6984984
181,1759,2.6061,421.6950984
182,1760,3.1597,424.3011985
183,1761,2.2033,427.4608984
184,1762,1.8083,429.6641984
185,1763,1.8854,431.4724984
186,1764,2.2416,433.3578984
187,1765,1.7976,435.5994984
188,1766,2.5365,437.3970984
189,1767,1.922,439.9335984
190,1768,2.4992,441.8555984
191,1769,1.7593,444.3547986
192,1770,1.8323,446.1140985
193,1771,2.3835,447.9463985
194,1772,1.8465,450.3298986
195,1773,2.1376,452.1763986
196,1774,1.8873,454.3139986
197,1775,1.9546,456.2012986
198,1776,2.5029,458.1558986
199,1777,1.8244,460.6587985
200,1778,2.435,462.4831984
201,1779,1.968,464.9181983
202,1780,2.3287,466.8861984
203,1781,1.9342,469.2148985
204,1782,1.7864,471.1490985
205,1783,2.5349,472.9354985
206,1784,2.0364,475.4703984
207,1785,2.2444,477.5067985
208,1786,1.7959,479.7511985
209,1787,1.7886,481.5470985
210,1788,2.5108,483.3356985
211,1789,1.7829,485.8464984
212,1790,2.2195,487.6293983
213,1791,2.0091,489.8488984
214,1792,2.3608,491.8579984
215,1793,1.814,494.2187984
216,1794,1.8868,496.0327984
217,1795,2.3518,497.9195985
218,1796,1.8127,500.2713984
219,1797,2.8813,502.0840985
220,1798,1.7731,504.9653984
221,1799,3.3036,506.7384984
222,1800,1.8216,510.0420985
223,1801,2.2418,511.8636985
224,1802,1.8216,514.1054986
225,1803,1.8791,515.9270985
226,1804,2.162,517.8061985
227,1805,1.741,519.9681984
228,1806,2.7326,521.7091984
229,1807,2.9553,524.4417983
230,1808,2.2013,527.3970984
231,1809,1.8403,529.5983983
232,1810,1.9433,531.4386983
233,1811,2.2071,533.3819983
234,1812,1.8972,535.5890982
235,1813,2.1473,537.4862982
236,1814,2.0575,539.6335982
237,1815,2.3827,541.6910981
238,1816,1.8646,544.0737981
239,1817,1.7713,545.938398
240,1818,2.2237,547.709698
241,1819,2.0018,549.933398
242,1820,2.256,551.9351981
243,1821,1.7879,554.1911981
244,1822,1.8306,555.9790981
245,1823,3.5287,557.8096981
246,1824,1.9379,561.338398
247,1825,2.9909,563.2762979
248,1826,2.1635,566.267198
249,1827,2.4446,568.430698
250,1828,1.9512,570.8752981
251,1829,2.2972,572.8264982
252,1830,2.0691,575.1236981
253,1831,2.2434,577.192798
254,1832,1.8727,579.4361981
255,1833,1.7674,581.3088981
256,1834,2.4264,583.0762981
257,1835,1.7937,585.5026981
258,1836,2.0954,587.296398
259,1837,1.9247,589.3917981
260,1838,2.8996,591.3164982
261,1839,2.3402,594.2160982
262,1840,1.8162,596.5562981
263,1841,2.3096,598.3724982
264,1842,1.8791,600.682098
265,1843,2.4351,602.561198
266,1844,1.8058,604.9962981
267,1845,8.685,606.802098
268,1846,3.4115,615.4870985
269,1847,2.5269,618.8985984
270,1848,1.8181,621.4254985
271,1849,2.5418,623.2435985
272,1850,2.021,625.7853985
273,1851,2.2079,627.8063984
274,1852,1.837,630.0142984
275,1853,2.2865,631.8512985
276,1854,1.8042,634.1377984
277,1855,1.7259,635.9419985
278,1856,2.0799,637.6678985
279,1857,1.9139,639.7477986
280,1858,2.7103,641.6616986
281,1859,1.8699,644.3719985
282,1860,1.7534,646.2418985
283,1861,2.1615,647.9952985
284,1862,1.7064,650.1567985
285,1863,2.1607,651.8631985
286,1864,1.864,654.0238986
287,1865,1.7114,655.8878986
288,1866,3.8365,657.5992986
289,1867,1.9007,661.4357985
290,1868,2.5287,663.3364985
291,1869,1.9665,665.8651984
292,1870,2.2109,667.8316984
293,1871,1.815,670.0425985
294,1872,2.4925,671.8575984
295,1873,2.6605,674.3500985
296,1874,2.2734,677.0105985
297,1875,1.7597,679.2839986