Frame Offset, Frame Index, Frame Time (ms), Time from first frame (ms)
20,2649,110.2079,2116.493484
21,2650,132.3698,2226.701385
22,2651,153.6114,2359.071182
23,2652,204.7429,2512.682571
24,2653,240.5714,2717.425461
25,2654,282.4957,2957.996857
26,2655,290.6589,3240.492554
27,2656,309.3448,3531.151459
28,2657,323.1652,3840.496246
29,2658,341.7165,4163.661438
30,2659,323.8177,4505.37796
31,2660,313.6932,4829.195648
32,2661,319.9478,5142.888824
33,2662,338.4728,5462.836639
34,2663,310.3039,5801.309448
35,2664,314.1087,6111.613342
36,2665,303.0071,6425.722046
37,2666,293.3096,6728.729156
38,2667,290.3139,7022.038757
39,2668,277.5621,7312.352631
40,2669,269.4016,7589.914734
41,2670,254.9687,7859.316345
42,2671,255.7568,8114.285049
43,2672,261.265,8370.041855
44,2673,248.1142,8631.306839
45,2674,235.6005,8879.421051
46,2675,235.275,9115.021545
47,2676,227.1629,9350.296555
48,2677,215.8108,9577.459457
49,2678,209.7495,9793.270264
50,2679,212.4194,10003.01976
51,2680,199.542,10215.43915
52,2681,195.0418,10414.98114
53,2682,191.348,10610.02293
54,2683,177.7443,10801.37093
55,2684,180.0711,10979.11523
56,2685,177.6017,11159.18634
57,2686,179.4293,11336.78804
58,2687,175.8972,11516.21733
59,2688,175.7925,11692.11453
60,2689,180.8904,11867.90703
61,2690,175.5116,12048.79742
62,2691,176.5477,12224.30902
63,2692,160.311,12400.85672
64,2693,155.0315,12561.16772
65,2694,158.4779,12716.19923
66,2695,168.4038,12874.67714
67,2696,219.3599,13043.08095
68,2697,256.3622,13262.44086
69,2698,264.8812,13518.80307
70,2699,302.3735,13783.68427
71,2700,311.8215,14086.05777
72,2701,331.2438,14397.87927
73,2702,339.5624,14729.12308
74,2703,340.6915,15068.68549
75,2704,336.2871,15409.37698
76,2705,335.7628,15745.66409
77,2706,309.1669,16081.42691
78,2707,315.5347,16390.59381
79,2708,307.3166,16706.12851
80,2709,293.0464,17013.44513
81,2710,289.6544,17306.49152
82,2711,271.8549,17596.1459
83,2712,269.2235,17868.00082
84,2713,257.5255,18137.2243
85,2714,252.3146,18394.74982
86,2715,255.2212,18647.06441
87,2716,252.6846,18902.28561
88,2717,239.1741,19154.97021
89,2718,233.1479,19394.14432
90,2719,230.7544,19627.29222
91,2720,215.3892,19858.04662
92,2721,213.299,20073.43582
93,2722,213.4826,20286.73483
94,2723,199.9696,20500.21742
95,2724,194.6206,20700.18703
96,2725,193.9194,20894.80763
97,2726,199.2701,21088.72702
98,2727,196.8279,21287.99712
99,2728,193.8638,21484.82501
100,2729,179.1613,21678.68881
101,2730,174.6909,21857.85011
102,2731,174.3646,22032.54102
103,2732,179.7582,22206.90562
104,2733,183.3883,22386.66383
105,2734,175.5959,22570.05214
106,2735,180.9631,22745.64804
107,2736,174.0907,22926.61115
108,2737,153.363,23100.70184
109,2738,160.3985,23254.06485
110,2739,163.821,23414.46335
111,2740,178.0445,23578.28435
112,2741,219.633,23756.32884
113,2742,252.4158,23975.96184
114,2743,291.4259,24228.37764
115,2744,291.7416,24519.80351
116,2745,313.2031,24811.54512
117,2746,351.0323,25124.74821
118,2747,333.4271,25475.7805
119,2748,333.8736,25809.2076
120,2749,326.8143,26143.08119
121,2750,314.4213,26469.89549
122,2751,310.2,26784.31682
123,2752,291.8365,27094.51683
124,2753,288.3631,27386.35335
125,2754,274.561,27674.71645
126,2755,269.6277,27949.27745
127,2756,256.8665,28218.90517
128,2757,252.4219,28475.77165
129,2758,255.7658,28728.19356
130,2759,253.5499,28983.95935
131,2760,234.0646,29237.50925
132,2761,233.8918,29471.57385
133,2762,230.8362,29705.46565
134,2763,217.3758,29936.30185
135,2764,213.0926,30153.67766
136,2765,213.195,30366.77026
137,2766,199.338,30579.96527
138,2767,192.6163,30779.30327
139,2768,220.4219,30971.91957
140,2769,217.4536,31192.34148
141,2770,211.3672,31409.79507
142,2771,193.9324,31621.16228
143,2772,199.1278,31815.09468
144,2773,195.4578,32014.22249
145,2774,191.717,32209.68028
146,2775,179.2783,32401.39728
147,2776,176.2599,32580.67558
148,2777,174.9136,32756.93549
149,2778,182.7171,32931.84909
150,2779,178.3406,33114.56619
151,2780,173.1479,33292.9068
152,2781,178.9922,33466.0547
153,2782,174.0145,33645.04689
154,2783,156.0424,33819.06139
155,2784,162.8255,33975.10379
156,2785,162.8318,34137.92929
157,2786,183.0504,34300.76109
158,2787,249.2283,34483.81149
159,2788,266.0178,34733.03979
160,2789,285.1161,34999.05759
161,2790,305.6172,35284.17368
162,2791,324.2656,35589.79089
163,2792,337.5911,35914.05649
164,2793,324.9763,36251.64758
165,2794,308.635,36576.62387
166,2795,316.0151,36885.25888
167,2796,289.8833,37201.27399
168,2797,298.7383,37491.15729
169,2798,293.0779,37789.8956
170,2799,289.0382,38082.97348
171,2800,271.8255,38372.01169
172,2801,276.6699,38643.83719
173,2802,250.6783,38920.50708
174,2803,256.2816,39171.18538
175,2804,255.6573,39427.46696
176,2805,255.3227,39683.12427
177,2806,231.6861,39938.44698
178,2807,232.4081,40170.13307
179,2808,248.2583,40402.54117
180,2809,242.3081,40650.79947
181,2810,234.904,40893.10756
182,2811,237.4693,41128.01157
183,2812,232.0263,41365.48087
184,2813,215.854,41597.50717
185,2814,215.689,41813.36118
186,2815,214.7582,42029.05017
187,2816,212.1209,42243.80838
188,2817,198.6209,42455.92928
189,2818,193.6849,42654.55017
190,2819,193.8122,42848.23506
191,2820,199.2437,43042.04726
192,2821,176.1642,43241.29095
193,2822,174.8996,43417.45514
194,2823,181.646,43592.35474
195,2824,177.4621,43774.00073
196,2825,177.0044,43951.46283
197,2826,180.3641,44128.46722
198,2827,178.4381,44308.83131
199,2828,172.9525,44487.26941
200,2829,166.1644,44660.22191
201,2830,191.3773,44826.38631
202,2831,217.0049,45017.7636
203,2832,264.6225,45234.76849
204,2833,291.8985,45499.39099
205,2834,313.5314,45791.28949
206,2835,330.3255,46104.82089
207,2836,347.7731,46435.14639
208,2837,351.3282,46782.91949
209,2838,331.7892,47134.24768
210,2839,329.5002,47466.03687
211,2840,317.047,47795.53705
212,2841,316.8886,48112.58405
213,2842,313.6164,48429.47266
214,2843,312.2424,48743.08905
215,2844,289.6796,49055.33145
216,2845,290.1598,49345.01108
217,2846,274.9717,49635.1709
218,2847,270.0728,49910.14261
219,2848,256.6983,50180.21539
220,2849,250.6257,50436.9137
221,2850,255.7485,50687.5394
222,2851,251.5511,50943.28789
223,2852,245.3022,51194.83899
224,2853,233.3581,51440.14119
225,2854,231.8904,51673.49928
226,2855,239.1021,51905.38968
227,2856,230.9237,52144.49178
228,2857,211.2979,52375.41547
229,2858,218.7255,52586.71336
230,2859,213.999,52805.43887
231,2860,195.1838,53019.43788
232,2861,200.8204,53214.62169
233,2862,192.5299,53415.44209
234,2863,196.2168,53607.972
235,2864,200.4834,53804.1888
236,2865,193.5299,54004.6722
237,2866,175.708,54198.2021
238,2867,182.7473,54373.9101
239,2868,176.5087,54556.65739
240,2869,175.169,54733.16609
241,2870,179.0803,54908.33508
242,2871,175.0334,55087.41539
243,2872,176.7099,55262.44879
244,2873,168.106,55439.15869